2711,20,c2mon,TagImpl,cern.c2mon.client.core.tag.tagimpltest.retrievetopicname,False,False
2716,20,c2mon,ConfigurationController,cern.c2mon.daq.common.conf.configurationcontrollertest.testnoexistantequipment,False,False
2718,20,c2mon,ConfigurationController,cern.c2mon.daq.common.conf.configurationcontrollertest.testupdatedatatagsuccess,False,False
2722,20,c2mon,EquipmentMessageSender,cern.c2mon.daq.common.impl.equipmentmessagesendertest.testonremovedatatag,False,False
2742,20,c2mon,SourceCommandExecutor,cern.c2mon.daq.common.messaging.impl.sourcecommandexecutortest.testcallnoresponse,False,False
2795,20,c2mon,MetadataUtils,cern.c2mon.server.cache.util.metadatautilstest.testupdatewithnullmetadataproperty,False,False
2805,20,c2mon,RepublisherImpl,cern.c2mon.server.common.republisher.republisherimpltest.testmultiplerepublication,False,False
2806,20,c2mon,ConfigurationLoader,cern.c2mon.server.configuration.configurationloadertest.testcreateandupdatecommandtag,False,False
2818,20,c2mon,ParseToJSON,cern.c2mon.server.configuration.parser.tojson.parsetojson.parsecrudconfiguration,False,False
2819,20,c2mon,ParseToJSON,cern.c2mon.server.configuration.parser.tojson.parsetojson.parsetagwithdbhardwareaddress,False,False
2832,20,c2mon,TagRecord,cern.c2mon.server.history.structure.tagrecordtest.testencodingwithnulldaqtimestamp,False,False
2841,20,c2mon,Serializer,cern.c2mon.shared.client.serialize.serializer.jacksonjsondeserializationofresponsecollection,False,False
2844,20,c2mon,TransferTagImpl,cern.c2mon.shared.client.tag.transfertagimpltest.testruleidstransfer,False,False
2850,20,c2mon,DataTagQualityImpl,cern.c2mon.shared.common.datatag.datatagqualityimpltest.testequalsmethod,False,False
2870,20,c2mon,ThreadHandler,cern.c2mon.shared.util.threadhandler.threadhandlertest.feedincorrectparameters,False,False
2721,20,c2mon,EquipmentMessageSender,cern.c2mon.daq.common.impl.equipmentmessagesendertest.testonadddatatag,False,True
2753,20,c2mon,PersistenceManager,cern.c2mon.pmanager.persistence.impl.persistencemanagertest.teststoreobjectconnectionfails,False,True
2756,20,c2mon,AlarmFacadeImpl,cern.c2mon.server.cache.alarm.alarmfacadeimpltest.testupdatetimestampissettotagcachetimestamp,False,True
2777,20,c2mon,ProcessMapper,cern.c2mon.server.cache.dbaccess.processmappertest.testisindb,False,True
2801,20,c2mon,ClientRequestMessageConverter,cern.c2mon.server.client.request.clientrequestmessageconvertertest.testprocessnamesmessageconversion,False,True
2812,20,c2mon,ConfigurationLoader,cern.c2mon.server.configuration.configurationloadertest.testremovedevice,False,True
2816,20,c2mon,DataTagConfigTransactedImpl,cern.c2mon.server.configuration.handler.transacted.datatagconfigtransactedimpltest.testupdatenondaqrelatedpropertiesofdatatag,False,True
2833,20,c2mon,TagRecord,cern.c2mon.server.history.structure.tagrecordtest.testencodingwithnullvalue,False,True
2838,20,c2mon,ClientRequestImpl,cern.c2mon.shared.client.request.clientrequestimpltest.testconfigurationreportjsonmessageserialization,False,True
2847,20,c2mon,DataTagAddress,cern.c2mon.shared.common.datatag.address.impl.datatagaddresstest.parsebasichardwareaddresstoxml,False,True
2861,20,c2mon,TypeConverter,cern.c2mon.shared.common.type.typeconvertertest.testintegertobooleancastexception,False,True
2871,20,c2mon,ThreadHandler,cern.c2mon.shared.util.threadhandler.threadhandlertest.testputtingindisabled,False,True
2713,20,c2mon,ConfigurationController,cern.c2mon.daq.common.conf.configurationcontrollertest.testaddsubequipmentunitsuccess,False,True
2732,20,c2mon,EquipmentMessageSender,cern.c2mon.daq.common.impl.equipmentmessagesendertest.testsendtagfilteredwithintarray,False,True
2741,20,c2mon,RequestController,cern.c2mon.daq.common.messaging.impl.requestcontrollertest.testonsourcedatatagvalueupdaterequestequipment,False,True
2755,20,c2mon,AlarmCache,cern.c2mon.server.cache.alarm.alarmcachetest.testgetwithnull,False,True
2768,20,c2mon,DataTagMapper,cern.c2mon.server.cache.dbaccess.datatagmappertest.testupdatedatatag,False,True
2780,20,c2mon,RuleTagMapper,cern.c2mon.server.cache.dbaccess.ruletagmappertest.testnotindb,False,True
2781,20,c2mon,RuleTagMapper,cern.c2mon.server.cache.dbaccess.ruletagmappertest.testupdateruletag,False,True
2786,20,c2mon,CacheRegistrationService,cern.c2mon.server.cache.listener.cacheregistrationservicetest.testregisteronmultiplethreads,False,True
2792,20,c2mon,RuleTagCache,cern.c2mon.server.cache.rule.ruletagcachetest.testparentidloading,False,True
2809,20,c2mon,ConfigurationLoader,cern.c2mon.server.configuration.configurationloadertest.testprocesslistconverter,False,True
2811,20,c2mon,ConfigurationLoader,cern.c2mon.server.configuration.configurationloadertest.testremovedatatag,False,True
2817,20,c2mon,ConfigurationMapper,cern.c2mon.server.configuration.mybatis.configurationmappertest.testgetconfigname,False,True
2827,20,c2mon,CommandRecordMapper,cern.c2mon.server.history.mapper.commandrecordmappertest.testlogcommand,False,True
2830,20,c2mon,AlarmRecordConverter,cern.c2mon.server.history.structure.alarmrecordconvertertest.testalarmlogconverter,False,True
2836,20,c2mon,SupervisionManager,cern.c2mon.server.supervision.supervisionmanagertest.testprocessalivetag,False,True
2853,20,c2mon,DataTagQualityImpl,cern.c2mon.shared.common.datatag.datatagqualityimpltest.testqualitystatuswithdescriptionconstructor,False,True
2854,20,c2mon,DataTagQualityImpl,cern.c2mon.shared.common.datatag.datatagqualityimpltest.teststatusanddescriptioncomparisontrue2,False,True
2869,20,c2mon,Parser,cern.c2mon.shared.rule.parsertest.test1,False,True
2705,20,c2mon,ClientDataTagCacheImpl,cern.c2mon.client.core.cache.clientdatatagcacheimpltest.testhistorymode,False,False
2708,20,c2mon,JmsProxy,cern.c2mon.client.core.jms.jmsproxytest.testsendrequestnoreply,False,False
2717,20,c2mon,ConfigurationController,cern.c2mon.daq.common.conf.configurationcontrollertest.testremovenonexistentsourcedatatag,False,False
2736,20,c2mon,EquipmentMessageSender,cern.c2mon.daq.common.impl.equipmentmessagesendertest.testsendvalidtagtimedeadbandenabled,False,False
2738,20,c2mon,SDTTimeDeadbandScheduler,cern.c2mon.daq.common.impl.sdttimedeadbandschedulertest.testschedulenofiltering,False,False
2752,20,c2mon,FallbackFileManager,cern.c2mon.pmanager.fallback.manager.fallbackfilemanagertest.testfallbacklist,False,False
2773,20,c2mon,EquipmentMapper,cern.c2mon.server.cache.dbaccess.equipmentmappertest.getbyname,False,False
2782,20,c2mon,SubEquipmentMapper,cern.c2mon.server.cache.dbaccess.subequipmentmappertest.testretrieve,False,False
2793,20,c2mon,SupervisionAppender,cern.c2mon.server.cache.supervision.supervisionappendertest.testaddsupervisionquality,False,False
2808,20,c2mon,ConfigurationLoader,cern.c2mon.server.configuration.configurationloadertest.testgetconfigurationreports,False,False
2814,20,c2mon,DataTagConfigTransactedImpl,cern.c2mon.server.configuration.handler.transacted.datatagconfigtransactedimpltest.testnotemptyupdatedatatag,False,False
2815,20,c2mon,DataTagConfigTransactedImpl,cern.c2mon.server.configuration.handler.transacted.datatagconfigtransactedimpltest.testupdatedaqrelatedpropertiesofdatatag,False,False
2842,20,c2mon,TransferTagImpl,cern.c2mon.shared.client.tag.transfertagimpltest.testbytejsonmsg,False,False
2851,20,c2mon,DataTagQualityImpl,cern.c2mon.shared.common.datatag.datatagqualityimpltest.testgetdescription,False,False
2852,20,c2mon,DataTagQualityImpl,cern.c2mon.shared.common.datatag.datatagqualityimpltest.testisvalid,False,False
2856,20,c2mon,TypeConverter,cern.c2mon.shared.common.type.typeconvertertest.testbooleanstringtolongcast,False,False
2746,20,c2mon,CounterTimeDeadbandActivator,cern.c2mon.daq.filter.dynamic.countertimedeadbandactivatortest.testonoff,False,True
2749,20,c2mon,FallbackFileController,cern.c2mon.pmanager.fallback.fallbackfilecontrollertest.testcloseinputstream,False,True
2754,20,c2mon,AlarmCache,cern.c2mon.server.cache.alarm.alarmcachetest.testgetalarmsbycodeandfamily,False,True
2760,20,c2mon,DataTagCache,cern.c2mon.server.cache.datatag.datatagcachetest.testwritelockwithnull,False,True
2769,20,c2mon,DeviceClassMapper,cern.c2mon.server.cache.dbaccess.deviceclassmappertest.testgetall,False,True
2774,20,c2mon,EquipmentMapper,cern.c2mon.server.cache.dbaccess.equipmentmappertest.testinsertandretrieve,False,True
2779,20,c2mon,RuleTagMapper,cern.c2mon.server.cache.dbaccess.ruletagmappertest.testgetnumberitems,False,True
2794,20,c2mon,MetadataUtils,cern.c2mon.server.cache.util.metadatautilstest.testemptyclientmetadata,False,True
2800,20,c2mon,ClientRequestMessageConverter,cern.c2mon.server.client.request.clientrequestmessageconvertertest.testconfigurationreportmessageconversion,False,True
2804,20,c2mon,RepublisherImpl,cern.c2mon.server.common.republisher.republisherimpltest.testfailtopublish,False,True
2820,20,c2mon,ParseToJSON,cern.c2mon.server.configuration.parser.tojson.parsetojson.parsetagwithdiphardwareaddress,False,True
2821,20,c2mon,ParseToJSON,cern.c2mon.server.configuration.parser.tojson.parsetojson.parsetagwithopchardwareaddress,False,True
2826,20,c2mon,HistoryModule,cern.c2mon.server.history.historymoduletest.testcommandlogging,False,True
2828,20,c2mon,ServerLifecycleEventMapper,cern.c2mon.server.history.mapper.serverlifecycleeventmappertest.testlogsingleevent,False,True
2831,20,c2mon,AlarmRecordConverter,cern.c2mon.server.history.structure.alarmrecordconvertertest.teststringencoding,False,True
2855,20,c2mon,DataTagQualityImpl,cern.c2mon.shared.common.datatag.datatagqualityimpltest.testtostring,False,True
2858,20,c2mon,TypeConverter,cern.c2mon.shared.common.type.typeconvertertest.testdoublecast,False,True
2862,20,c2mon,TypeConverter,cern.c2mon.shared.common.type.typeconvertertest.testshortcast,False,True
2706,20,c2mon,AbstractQueuedWrapper,cern.c2mon.client.core.jms.impl.abstractqueuedwrappertest.testnohealthnotification,False,True
2712,20,c2mon,ConfigurationController,cern.c2mon.daq.common.conf.configurationcontrollertest.testaddsourcecommandtagnosuccess,False,True
2720,20,c2mon,ProcessConfigurationLoader,cern.c2mon.daq.common.conf.processconfigurationloadertest.testconfigrejectedexception,False,True
2727,20,c2mon,EquipmentMessageSender,cern.c2mon.daq.common.impl.equipmentmessagesendertest.testsendtagfilteredinvalidtimestamp,False,True
2730,20,c2mon,EquipmentMessageSender,cern.c2mon.daq.common.impl.equipmentmessagesendertest.testsendtagfilteredtwicesamevaluesbutdiffvaluedesc,False,True
2745,20,c2mon,CounterMovingAverage,cern.c2mon.daq.filter.dynamic.countermovingaveragetest.testaverage,False,True
2750,20,c2mon,FallbackFileController,cern.c2mon.pmanager.fallback.fallbackfilecontrollertest.testcloseoutputstream,False,True
2757,20,c2mon,AbstractTagFacade,cern.c2mon.server.cache.datatag.abstracttagfacadetest.testfilteroutrepeatednull,False,False
2758,20,c2mon,AbstractTagFacade,cern.c2mon.server.cache.datatag.abstracttagfacadetest.testinvalidupdatefilteredout2,False,False
2761,20,c2mon,DataTagFacadeImpl,cern.c2mon.server.cache.datatag.datatagfacadeimpltest.testcreatecacheobjectforsubequipment,False,True
2762,20,c2mon,AlarmMapper,cern.c2mon.server.cache.dbaccess.alarmmappertest.testgetall,False,True
2764,20,c2mon,CommandTagMapper,cern.c2mon.server.cache.dbaccess.commandtagmappertest.testgetcommandtag,False,True
2766,20,c2mon,ControlTagMapper,cern.c2mon.server.cache.dbaccess.controltagmappertest.testisindb,False,True
2797,20,c2mon,TagValuePublisher,cern.c2mon.server.client.publish.tagvaluepublishertest.testpublicationconfigupdate,False,True
2799,20,c2mon,ClientRequestMessageConverter,cern.c2mon.server.client.request.clientrequestmessageconvertertest.testalarmvaluemessageconversion,False,True
2803,20,c2mon,ClientRequestMessageConverter,cern.c2mon.server.client.request.clientrequestmessageconvertertest.testtransfertagvaluemessageconversion,False,True
2825,20,c2mon,TagUpdate,cern.c2mon.server.daq.update.tagupdatetest.testincomingdatainvalidtagwithnullvalue,False,True
2835,20,c2mon,SupervisionTagNotifier,cern.c2mon.server.supervision.impl.supervisiontagnotifiertest.testnotifysubequipmentevent,False,True
2865,20,c2mon,DataTagValueUpdate,cern.c2mon.shared.daq.datatag.datatagvalueupdatetest.testfromxml,False,True
2709,20,c2mon,TagService,cern.c2mon.client.core.manager.tagservicetest.testgetunknowntags,False,False
2723,20,c2mon,EquipmentMessageSender,cern.c2mon.daq.common.impl.equipmentmessagesendertest.testonupdatedatatag,False,True
2726,20,c2mon,EquipmentMessageSender,cern.c2mon.daq.common.impl.equipmentmessagesendertest.testsendinvalidtagwithvalueconversionfloat2boolean,False,True
2731,20,c2mon,EquipmentMessageSender,cern.c2mon.daq.common.impl.equipmentmessagesendertest.testsendtagfilteredwitharbitraryobjectwithcurrentvalue,False,True
2734,20,c2mon,EquipmentMessageSender,cern.c2mon.daq.common.impl.equipmentmessagesendertest.testsendtagfilteredwithvalueconversionshort2float,False,True
2739,20,c2mon,ActiveRequestSender,cern.c2mon.daq.common.messaging.impl.activerequestsendertest.testbadxmlsendprocessconnectionrequest,False,True
2743,20,c2mon,SourceCommandExecutor,cern.c2mon.daq.common.messaging.impl.sourcecommandexecutortest.testcallsuccessreturnhello,False,True
2759,20,c2mon,DataTagCache,cern.c2mon.server.cache.datatag.datatagcachetest.testcacheloading,False,True
2775,20,c2mon,EquipmentMapper,cern.c2mon.server.cache.dbaccess.equipmentmappertest.testupdate,False,True
2778,20,c2mon,ProcessMapper,cern.c2mon.server.cache.dbaccess.processmappertest.testnotindb,False,True
2789,20,c2mon,RuleTagCache,cern.c2mon.server.cache.rule.ruletagcachetest.testcacheloading,False,True
2813,20,c2mon,ConfigurationLoader,cern.c2mon.server.configuration.configurationloadertest.testremovesubequipment,False,True
2824,20,c2mon,ProcessCommunicationManager,cern.c2mon.server.daq.out.processcommunicationmanagertest.testconfigurationrequest,False,True
2843,20,c2mon,TransferTagImpl,cern.c2mon.shared.client.tag.transfertagimpltest.testpublicationstransfer,False,True
2849,20,c2mon,DataTagQualityImpl,cern.c2mon.shared.common.datatag.datatagqualityimpltest.testdefaultconstructor,False,True
2857,20,c2mon,TypeConverter,cern.c2mon.shared.common.type.typeconvertertest.testbytearraycast,False,True
2864,20,c2mon,TypeConverter,cern.c2mon.shared.common.type.typeconvertertest.teststringarraycast,False,True
2866,20,c2mon,MultipleReturnValueRuleExpression,cern.c2mon.shared.rule.multiplereturnvalueruleexpressiontest.testcorrectrules,False,True
2867,20,c2mon,MultipleReturnValueRuleExpression,cern.c2mon.shared.rule.multiplereturnvalueruleexpressiontest.testinvalidrules4,False,True
2707,20,c2mon,JmsProxy,cern.c2mon.client.core.jms.jmsproxytest.testreconnectandnotification,False,True
2714,20,c2mon,ConfigurationController,cern.c2mon.daq.common.conf.configurationcontrollertest.testfinddatatagfailure,False,True
2715,20,c2mon,ConfigurationController,cern.c2mon.daq.common.conf.configurationcontrollertest.testnocommandtagchangerforimplementationlayer,False,True
2719,20,c2mon,ConfigurationUpdater,cern.c2mon.daq.common.conf.configurationupdatertest.testupdatedatatag,False,True
2737,20,c2mon,SDTTimeDeadbandScheduler,cern.c2mon.daq.common.impl.sdttimedeadbandschedulertest.testschedulefilterrepeatedvalue,False,True
2740,20,c2mon,RequestController,cern.c2mon.daq.common.messaging.impl.requestcontrollertest.testapplychange,False,True
2776,20,c2mon,ProcessMapper,cern.c2mon.server.cache.dbaccess.processmappertest.testgetall,False,True
2784,20,c2mon,SubEquipmentMapper,cern.c2mon.server.cache.dbaccess.subequipmentmappertest.testupdateconfig,False,True
2785,20,c2mon,DeviceFacadeImpl,cern.c2mon.server.cache.device.devicefacadeimpltest.testgetdevices,False,True
2790,20,c2mon,RuleTagCache,cern.c2mon.server.cache.rule.ruletagcachetest.testgetcopy,False,True
2802,20,c2mon,ClientRequestMessageConverter,cern.c2mon.server.client.request.clientrequestmessageconvertertest.testtagconfigmessageconversion,False,True
2807,20,c2mon,ConfigurationLoader,cern.c2mon.server.configuration.configurationloadertest.testcreateupdatesubequipment,False,True
2810,20,c2mon,ConfigurationLoader,cern.c2mon.server.configuration.configurationloadertest.testremovecommand,False,True
2848,20,c2mon,JMXHardwareAddressImpl,cern.c2mon.shared.common.datatag.address.impl.jmxhardwareaddressimpltest.testgetcallmethod,False,True
2859,20,c2mon,TypeConverter,cern.c2mon.shared.common.type.typeconvertertest.testexceptiontodoublecastexception,False,True
2860,20,c2mon,TypeConverter,cern.c2mon.shared.common.type.typeconvertertest.testfloattobooleancastexception,False,True
2704,20,c2mon,BroadcastMessageImpl,cern.c2mon.client.common.admin.broadcastmessageimpltest.testtojson,False,True
2724,20,c2mon,EquipmentMessageSender,cern.c2mon.daq.common.impl.equipmentmessagesendertest.testsendinvalidtagfuturesourcets,False,True
2725,20,c2mon,EquipmentMessageSender,cern.c2mon.daq.common.impl.equipmentmessagesendertest.testsendinvalidtagwithvalueconversionboolean2float,False,True
2728,20,c2mon,EquipmentMessageSender,cern.c2mon.daq.common.impl.equipmentmessagesendertest.testsendtagfilterednotconvertable,False,True
2735,20,c2mon,EquipmentMessageSender,cern.c2mon.daq.common.impl.equipmentmessagesendertest.testsendvalidinvalidtagtimedeadbandenabled,False,True
2744,20,c2mon,DataTagValueValidator,cern.c2mon.daq.common.tools.datatagvaluevalidatortest.isinrangelong,False,True
2747,20,c2mon,DataTagValueFilter,cern.c2mon.daq.tools.datatagvaluefiltertest.testisabsolutevaluedeadband,False,True
2765,20,c2mon,CommandTagMapper,cern.c2mon.server.cache.dbaccess.commandtagmappertest.testupdate,False,True
2770,20,c2mon,DeviceClassMapper,cern.c2mon.server.cache.dbaccess.deviceclassmappertest.testinsertdeviceclass,False,True
2771,20,c2mon,DeviceMapper,cern.c2mon.server.cache.dbaccess.devicemappertest.testgetall,False,True
2787,20,c2mon,ControlTagLoaderDAO,cern.c2mon.server.cache.loading.controltagloaderdaotest.testgetall,False,True
2788,20,c2mon,ControlTagLoaderDAO,cern.c2mon.server.cache.loading.controltagloaderdaotest.testgetitem,False,True
2798,20,c2mon,TagValuePublisher,cern.c2mon.server.client.publish.tagvaluepublishertest.testrepublication,False,True
2829,20,c2mon,SupervisionEventMapper,cern.c2mon.server.history.mapper.supervisioneventmappertest.testlogsupervision,False,True
2837,20,c2mon,ClientRequestImpl,cern.c2mon.shared.client.request.clientrequestimpltest.testactivealarmjsonmessageserialization,False,True
2840,20,c2mon,ClientRequestReport,cern.c2mon.shared.client.request.clientrequestreporttest.testresult,False,True
2710,20,c2mon,TagController,cern.c2mon.client.core.tag.tagcontrollertest.testupdatewithequipmentdown,False,False
2729,20,c2mon,EquipmentMessageSender,cern.c2mon.daq.common.impl.equipmentmessagesendertest.testsendtagfilteredoldupdatesent,False,False
2733,20,c2mon,EquipmentMessageSender,cern.c2mon.daq.common.impl.equipmentmessagesendertest.testsendtagfilteredwithvalueconversionshort2boolean,False,False
2748,20,c2mon,DataTagValueFilter,cern.c2mon.daq.tools.datatagvaluefiltertest.testisrelativevaluedeadband,False,False
2751,20,c2mon,FallbackFileController,cern.c2mon.pmanager.fallback.fallbackfilecontrollertest.testopenoutputstream,False,False
2763,20,c2mon,AliveTimerMapper,cern.c2mon.server.cache.dbaccess.alivetimermappertest.testretrieveprocessalive,False,False
2767,20,c2mon,ControlTagMapper,cern.c2mon.server.cache.dbaccess.controltagmappertest.testupdatecontroltag,False,False
2772,20,c2mon,DeviceMapper,cern.c2mon.server.cache.dbaccess.devicemappertest.testisindb,False,False
2783,20,c2mon,SubEquipmentMapper,cern.c2mon.server.cache.dbaccess.subequipmentmappertest.testselectsubequipmentsbyequipment,False,False
2791,20,c2mon,RuleTagCache,cern.c2mon.server.cache.rule.ruletagcachetest.testgettagbyname,False,False
2796,20,c2mon,HeartbeatManagerImpl,cern.c2mon.server.client.heartbeat.heartbeatmanagerimpltest.testlistenernotified,False,False
2822,20,c2mon,ParseToJSON,cern.c2mon.server.configuration.parser.tojson.parsetojson.parsetagwithsimplehardwareaddress,False,False
2823,20,c2mon,JmsContainerManager,cern.c2mon.server.daq.jmscontainermanagertest.testunsubscribe,False,False
2834,20,c2mon,SupervisionTagNotifier,cern.c2mon.server.supervision.impl.supervisiontagnotifiertest.testnotifyprocessevent,False,False
2839,20,c2mon,ClientRequestImpl,cern.c2mon.shared.client.request.clientrequestimpltest.testconfigurationreportjsonresponsedeserialization,False,False
2845,20,c2mon,TransferTagValueImpl,cern.c2mon.shared.client.tag.transfertagvalueimpltest.testfloatjsonmsg,False,False
2846,20,c2mon,TransferTagValueImpl,cern.c2mon.shared.client.tag.transfertagvalueimpltest.testlongbackwardscompatibility,False,False
2863,20,c2mon,TypeConverter,cern.c2mon.shared.common.type.typeconvertertest.testshorttobooleancastexception,False,False
2868,20,c2mon,MultipleReturnValueRuleExpression,cern.c2mon.shared.rule.multiplereturnvalueruleexpressiontest.testresultvalue,False,False
